5600267107
1423677973
6734964322
5424759985
7455400529
5775138060
5943418535
7662948574
2126883554
1203038475
5854348273
7645313730
1752292342
7162499458
5357008184
5016570338
1899138393
7377415670
5832611934
6478194466
5843748533
5797277254
5127429005
8190931581
7298751036
824020044
7083149440
6074518977
6714963671
5828017774
6143660859
1103331742
6243646048
7440388694
6242024269
7288197362
6641552942
8062406455
1064676124
7180668765
5905531670
5908698065
6264499838
1488303983
1880324775
977221771
902944197
7061524753
5113463029
2012881988
579747035
5221460700
839615531
2063035534
5999912512
1002754597
5608697730
2136496408
7985679719
1185839420
5325182578
1644093338
6675894461
6842344112
375977046
5265913721
1385279777
8123516973
975241615
6502444445
5381081269
888464923
654989891
1268349842
5069879813
7171687132
6124509229
6863037206
1087935279
1553789754
1854006049
5581808856
7906230477
7750270390
7844250927
6797222874
894691588
5036583262
5007204038
1009454070
5689870953
801119307
1854924288
986424056
517311112
6401982456
762336974
2029614886
1772219426
1372846041
1314223538
1201748641
1181782216
904124025
846197507
7274432794
7049652673
6802569960
5572734445
5042893374
1917114736
1794706168
939191451
768724410
757555102
757029195
626228352
7607053805
6644664788
1343367927
1028321136
6683820146
5162753521
